0.6875
0.71875
0.65625
0.5625
0.5625
0.71875
0.625
0.5625
0.78125
0.53125
0.53125
0.5625
0.75
0.71875
0.6875
0.6875
0.6875
0.625
0.65625
0.78125
0.75
0.6875
0.59375
0.59375
0.875
0.46875
0.65625
0.59375
0.6875
0.75
0.5
0.5625
0.625
0.59375
0.5
0.71875
0.59375
0.65625
0.65625
0.6875
0.6875
0.53125
0.59375
0.71875
0.625
0.53125
0.65625
0.625
0.65625
0.65625
0.5625
0.71875
0.625
0.5
0.4375
0.5
0.5
0.5625
0.40625
0.625
0.65625
0.4375
0.625
0.625
0.59375
0.6875
0.5
0.5625
0.625
0.53125
0.53125
0.59375
0.65625
0.5
0.6875
0.625
0.53125
0.4375
0.59375
0.625
0.59375
0.53125
0.5625
0.6875
0.46875
0.53125
0.53125
0.59375
0.6875
0.53125
0.5625
0.6875
0.46875
0.53125
0.53125
0.59375
0.5
0.5625
0.5
0.71875
Expected Value: 1920
Sample Mean: 19.38
Expected Variance: 0.24
Sample Variance: 0.249237
