0.40625
0.59375
0.625
0.46875
0.53125
0.625
0.6875
0.59375
0.65625
0.5625
0.59375
0.4375
0.53125
0.53125
0.5
0.5
0.625
0.6875
0.53125
0.59375
0.5625
0.6875
0.6875
0.5625
0.71875
0.5
0.59375
0.5625
0.625
0.75
0.5
0.625
0.5625
0.5
0.6875
0.65625
0.6875
0.625
0.53125
0.5
0.5625
0.625
0.6875
0.59375
0.5625
0.53125
0.59375
0.65625
0.5625
0.5625
0.59375
0.625
0.625
0.78125
0.53125
0.5625
0.59375
0.46875
0.6875
0.65625
0.625
0.625
0.6875
0.59375
0.625
0.625
0.53125
0.6875
0.5625
0.5625
0.59375
0.8125
0.59375
0.5
0.53125
0.59375
0.59375
0.625
0.625
0.5625
0.5
0.71875
0.625
0.65625
0.5
0.625
0.6875
0.5625
0.625
0.59375
0.5625
0.71875
0.5
0.5
0.46875
0.53125
0.5
0.5625
0.53125
0.5
Expected Value: 1920
Sample Mean: 18
